,Querylength,domain_token_count,path_token_count,avgdomaintokenlen,longdomaintokenlen,avgpathtokenlen,tld,charcompvowels,charcompace,ldl_url,ldl_domain,ldl_path,ldl_filename,ldl_getArg,dld_url,dld_domain,dld_path,dld_filename,dld_getArg,urlLen,domainlength,pathLength,subDirLen,fileNameLen,this.fileExtLen,ArgLen,pathurlRatio,ArgUrlRatio,argDomanRatio,domainUrlRatio,pathDomainRatio,argPathRatio,executable,isPortEighty,NumberofDotsinURL,ISIpAddressInDomainName,CharacterContinuityRate,LongestVariableValue,URL_DigitCount,host_DigitCount,Directory_DigitCount,File_name_DigitCount,Extension_DigitCount,Query_DigitCount,URL_Letter_Count,host_letter_count,Directory_LetterCount,Filename_LetterCount,Extension_LetterCount,Query_LetterCount,LongestPathTokenLength,Domain_LongestWordLength,Path_LongestWordLength,sub-Directory_LongestWordLength,Arguments_LongestWordLength,URL_sensitiveWord,URLQueries_variable,spcharUrl,delimeter_Domain,delimeter_path,delimeter_Count,NumberRate_URL,NumberRate_Domain,NumberRate_DirectoryName,NumberRate_FileName,NumberRate_Extension,NumberRate_AfterPath,SymbolCount_URL,SymbolCount_Domain,SymbolCount_Directoryname,SymbolCount_FileName,SymbolCount_Extension,SymbolCount_Afterpath,Entropy_URL,Entropy_Domain,Entropy_DirectoryName,Entropy_Filename,Entropy_Extension,Entropy_Afterpath
Querylength,1.0,0.04517445091776066,0.004259118843877908,-0.05615446579505012,0.008192556923778486,-0.12587155749159992,0.04517445091776066,0.7912157833099401,0.8441095872962783,0.9533815197079949,-0.03002240452492705,0.9548912982030702,-0.01552725692993417,0.9756981865318319,0.554724617492823,-0.003839452963357387,0.5585871787398696,-0.001036143835187825,0.6750373055022104,0.957545397451877,-0.0066245828498447895,0.9579527336283548,0.9579527336283548,-0.060006607753891376,-0.12783868610496518,0.9797766608051705,0.2992313114958062,0.46471443089052145,0.979361999692914,-0.25569455038107186,0.9199263168607804,0.34379498548166915,-0.008667637259706616,-0.003695470388791449,0.062250638408696025,,0.011432771733911194,0.9961040203042815,0.8130930616346141,-0.049091521952976384,-0.028941493785085832,-0.06519077439186413,0.8771258915934206,0.941048560150934,0.9673391024778591,0.0006199672690500966,-0.06340790641505988,-0.07128562204608775,0.9768173514611066,0.9976357849745842,0.9722564244028402,0.037234996333935656,-0.11481100182586461,-0.06595687762017012,0.09571926619354713,-0.021697889095241008,0.1218997152173076,-0.09228473699884619,-0.02469537856169501,-0.05847430819735129,0.11751132840614084,0.10476687006953152,-0.05502420997131727,-0.010904260700013773,0.029237811274868828,0.09384057810216763,0.24320042209425985,0.087772763286079,0.04540754889589231,-0.054289787407713425,0.11651354815965347,0.11057364975241517,0.11522372359380477,-0.3694181606915852,0.0019527739694976153,0.04590254887098535,-0.048953090671104836,0.043038673012983135,0.21987915606224398
domain_token_count,0.04517445091776066,1.0,-0.10101348095052058,-0.2129842163760692,0.06806499638576163,-0.012079575708478774,1.0,0.0018166673099600486,0.03990475984240093,0.053445026112000346,0.19728885609820815,0.04442801197425831,-0.05183088200946136,0.04040748696469803,0.06739264582906378,0.12096891417664833,0.05634560901270851,-0.03397241605387709,0.05787593834158199,0.07431025958899938,0.5912245591993623,0.026922615740170658,0.026922615740170658,-0.11881231270312147,-0.0518855916256109,0.07241048955091713,-0.262380780688029,0.12414368197656701,0.03601443629100535,0.3553680107193029,-0.08381820812598532,0.19269813658956372,0.005058969686528393,0.007688880431999187,0.6411967733043239,,-0.7104866089227434,0.03680886297993098,0.0902327475446849,0.1895120755051831,-0.05197830320745616,-0.044784505756283455,0.09887693022067076,0.0621965335949515,0.05913625599256091,0.4771799748716505,0.046541392202201486,-0.13204064348361638,0.027019545894644587,0.04065333049349261,0.018134488158832274,-0.00662930980088376,-0.015927997522851987,-0.052844686987646536,0.11547686239451828,-0.030671445865372456,0.09725662983693578,-0.00752443233695991,0.1183722527172838,-0.25024101976782,0.08859763019581215,0.07316249039397636,-0.01422777240285948,-0.008799541361323911,0.08937048146591824,0.13214411810493182,0.12028915388494055,0.30985914120452035,0.9986736361270541,0.06338278620804276,0.10926266792669426,0.07645356754280892,0.08429716791729111,-0.012042547101091537,-0.5035154604241748,0.04019452087571878,0.05769376556330245,0.1074294082520367,0.12175960650045686
path_token_count,0.004259118843877908,-0.10101348095052058,1.0,-0.10508942366707767,-0.09971070646400094,-0.13109469390547457,-0.10101348095052058,0.45953677461950154,0.3731553711239702,-0.033006101926618056,-0.04972872698973734,-0.03071521234279571,0.006964235136223479,-0.021870557496113555,0.0512516962421209,-0.035883265928966714,0.054977903056279614,0.03325982497279613,0.09353089546318961,0.20458855772864656,-0.1597738943680629,0.21711146510086957,0.21711146510086957,0.1579881538863581,-0.24510117261570885,0.10930056843742121,0.6919321823240903,0.34941287643026675,0.0886476002967285,-0.6371829088617424,0.22422437247536664,0.19095390271265616,-0.023195723517197658,-0.00925031325652174,0.19637380947033237,,0.09970013395613421,-0.02773556118553139,0.13108012156925278,-0.055936973613066085,0.21275460213603037,0.06685686280221023,0.08497406412651039,0.05016002127041096,0.15275206601893884,-0.14479742105028662,0.3919288417498473,0.17606316084265472,0.07148077306556094,-0.011120187865206464,0.12576510626071788,-0.04719329199578613,0.2797147828408389,0.43406756061147234,0.3208578478025937,0.03653942230037604,0.39837334066524227,0.3283652870328781,-0.114091703270217,0.7382778500650125,0.407226800607728,0.09479329418400168,-0.01409413261885343,-0.033251736122185155,-0.11964938611836179,-0.01291788183760369,0.2807006765125163,0.6037511785962475,-0.10058343959571582,0.32221967219431064,0.400531253207409,0.4138165935017146,0.4591199315093405,-0.5801599757346106,0.06073223003135535,-0.1681425443263596,-0.22951643837554014,-0.13321722139633052,0.2898637459305862
avgdomaintokenlen,-0.05615446579505012,-0.2129842163760692,-0.10508942366707767,1.0,0.895806603568298,-0.0019099159446872847,-0.2129842163760691,-0.08412556744203321,-0.07491550655873451,-0.04975988666594873,0.08918494467031983,-0.05388362025084688,-0.016815217591488834,-0.062033979503697066,-0.0016530130465498812,0.11643223957278202,-0.012705261431205539,-0.012673416597166635,-0.04076638777119389,-0.03707337567856935,0.6033674207577567,-0.08522215886471608,-0.08522215886471608,-0.003558099315940436,-0.01132858425355025,-0.06307471006155504,-0.3322150855504108,-0.07990582797671125,-0.09574174588915045,0.42287731860825617,-0.20063003067001453,0.02622721777101329,0.013084829581857093,-0.00100003068621012,-0.15275548067043423,,0.3029914204920937,-0.061017364123931994,-0.08806793065200767,-0.015314776441997795,-0.02497855800171539,-0.11918231047228314,-0.07166825799313076,-0.07682203116649153,-0.018846059440277306,0.6873393099565607,-0.014488750738574903,0.008973494798050161,-0.08313492446261689,-0.05360932011675119,-0.07540121259703733,0.7392823586970516,-0.08659043328403525,-0.13546000412594278,0.015158116362533013,-0.05606128974036766,-0.018856848837312784,-0.06457824031182936,0.3791419380490804,-0.03533273669557426,-0.022996085531004035,-0.14977945669699652,-0.14899253847770133,-0.09823341711395905,-0.058456250469336626,-0.12185694932921935,-0.1437653917284342,-0.11178188705604383,-0.2131863587955763,-0.0542098917609505,-0.056301469289760854,-0.030137152971116358,-0.02211603697714733,-0.14489473822861715,-0.22021508658298544,-0.0808097940670664,-0.05079835562887174,-0.11741793905963138,-0.14357888781307038
longdomaintokenlen,0.008192556923778486,0.06806499638576163,-0.09971070646400094,0.895806603568298,1.0,-0.019786336389806033,0.0680649963857616,-0.023847907709347055,-0.006578523472573483,0.011606810838267706,0.12005737397075922,0.006154567469259125,-0.05099907541258252,-0.0024100053309370076,0.06351342717697761,0.1584171387978227,0.04889053215804612,-0.037722234352003656,0.03035545942042687,0.039710999304194985,0.7675478194710624,-0.02158248931348279,-0.02158248931348279,-0.06081441962952272,-0.06875566381195118,0.014333523403854614,-0.3522146951714596,0.022418377376057893,-0.035138157885775435,0.475757766097457,-0.17313968702422203,0.13135691040641,0.010986569686450183,-0.008171726411542074,0.03567020167517509,,0.11246965645215445,-0.0029224451645936214,-0.016471839082358053,-0.008681859783994854,-0.047120187462493975,-0.14676379810377954,0.01782076552375522,0.0016021737387556677,0.051853594973737704,0.8290207015805312,-0.01585681612345879,-0.03383744689147223,-0.0170961113710795,0.006925228230086483,-0.013293976802143455,0.7792055818064691,-0.07405263890332267,-0.13331959808472701,0.0810058091169878,-0.0580094434780882,0.053752503574018694,-0.07274975376182342,0.44262245011903445,-0.1024514248918617,0.04634889845518967,-0.11960084816232433,-0.1831028927666094,-0.09563641149902054,-0.03230633023371854,-0.050399257278306415,-0.058146730812225204,0.0207361826825883,0.06544745022064695,-0.03976540325597361,0.021979176084737043,0.041137376349112256,0.04029925450238855,-0.17677495210591562,-0.36672583752625065,-0.05634779987512709,-0.03640276095564345,-0.07719968401364496,-0.060031272565086516
avgpathtokenlen,-0.12587155749159992,-0.012079575708478774,-0.13109469390547457,-0.0019099159446872847,-0.019786336389806033,1.0,-0.012079575708478757,-0.004112681839889547,0.021883367336090035,0.037780343883684994,0.043079250414717496,0.03588546106540163,0.24213358413657446,-0.09563967442462346,0.23295519382404128,0.014251597447119521,0.2330791860655096,0.20521370939178235,-0.07522275289098632,-0.010676820003923778,0.0007978412269450216,-0.010896876658656256,-0.010896876658656256,0.16396671288623868,0.011084486855493385,-0.16168234083920507,0.14097919866123454,-0.33942903057444745,-0.14749114709853145,-0.12444214847482966,0.007174185348730622,-0.38212990402006264,-0.001511612768233952,-0.004828331491948813,0.00380531735705714,,-0.06496068164192706,-0.10547069230488353,0.13479190992528994,-0.009874474854835436,0.2487114523100284,0.17629532168560724,-0.009032930432529607,-0.14112555404820962,-0.0336203813975842,-0.000363558224530376,0.20735569742688764,0.11980588991763964,-0.11907453321500518,-0.12269674810060664,-0.05259954593355416,-0.03745707456017278,0.2231380173694089,0.11209920475398708,-0.25705361937241444,-0.04045579878903778,-0.2666038172714286,0.12524003628520125,0.08112017878632607,-0.05359661913475827,-0.26998661552795455,0.29879967654837997,-0.03270731466296553,0.07927265801349748,0.18668236964046306,0.04932030554661218,-0.2502271486669587,-0.14497061079828139,-0.01186568364079951,0.10025825136212133,-0.17926683675665464,-0.15153499067080747,-0.2377170769236561,-0.014661635169261113,0.025137479450974182,0.06111382486496376,0.020422440371574226,-0.11218208836416114,-0.2550509630692894
tld,0.04517445091776066,1.0,-0.10101348095052058,-0.2129842163760691,0.0680649963857616,-0.012079575708478757,1.0,0.0018166673099600486,0.03990475984240093,0.053445026112000346,0.19728885609820815,0.04442801197425831,-0.05183088200946136,0.04040748696469803,0.06739264582906378,0.12096891417664833,0.05634560901270851,-0.03397241605387709,0.05787593834158199,0.07431025958899938,0.5912245591993623,0.026922615740170658,0.026922615740170658,-0.11881231270312147,-0.0518855916256109,0.07241048955091713,-0.262380780688029,0.12414368197656701,0.03601443629100535,0.3553680107193029,-0.08381820812598532,0.19269813658956372,0.005058969686528393,0.007688880431999187,0.6411967733043239,,-0.7104866089227434,0.03680886297993098,0.0902327475446849,0.1895120755051831,-0.05197830320745616,-0.044784505756283455,0.09887693022067076,0.0621965335949515,0.05913625599256091,0.4771799748716505,0.046541392202201486,-0.13204064348361638,0.027019545894644587,0.04065333049349261,0.018134488158832274,-0.00662930980088376,-0.015927997522851987,-0.052844686987646536,0.11547686239451828,-0.030671445865372456,0.09725662983693578,-0.00752443233695991,0.1183722527172838,-0.25024101976782,0.08859763019581215,0.07316249039397636,-0.01422777240285948,-0.008799541361323911,0.08937048146591824,0.13214411810493182,0.12028915388494055,0.30985914120452035,0.9986736361270541,0.06338278620804276,0.10926266792669426,0.07645356754280892,0.08429716791729111,-0.012042547101091537,-0.5035154604241748,0.04019452087571878,0.05769376556330245,0.1074294082520367,0.12175960650045686
charcompvowels,0.7912157833099401,0.0018166673099600486,0.45953677461950154,-0.08412556744203321,-0.023847907709347055,-0.004112681839889547,0.0018166673099600486,1.0,0.9460299940567884,0.7390513978507492,-0.0596711053042397,0.7419555525663114,-0.028630710041187807,0.7500670227546331,0.476463903657432,-0.021381565252850617,0.48149650486956924,0.0010223214522827307,0.5592889765144572,0.8917754415570767,-0.06665256558655354,0.896843421790071,0.896843421790071,-0.022856367583147744,-0.2586267935249906,0.829433823467937,0.6269430989945101,0.5128296145955945,0.8151533496663712,-0.5541335043187798,0.868596257037925,0.33830868525515667,-0.016204136020100585,-0.012192423601816509,0.08007837356381269,,0.014406822988195777,0.7664636314775618,0.6769499955373891,-0.10869860499576295,0.032885139595424155,-0.072384589685859,0.7273962207788623,0.7295482439366772,0.8882645658297205,-0.04455657582192994,0.14345060127912618,0.06093094760113878,0.8422168153232534,0.7889492694044858,0.8660353691661746,0.023518148950014216,0.22468805560474864,0.30059064725011214,0.2796728102078512,-0.028639301749876063,0.28603549790949895,0.04941394577849159,-0.04847490416796504,0.2971831574050282,0.28617870337267753,0.030933579487929675,-0.10120502293167982,-0.008828381433194596,-0.044229110740736766,0.07252213021013257,0.25474141717507454,0.35020335264997227,0.0023697540714880563,0.081041045856087,0.30383836858104823,0.3097755473561626,0.3021029119094114,-0.6882489077006498,0.0229906407359297,-0.0012972645267236294,-0.12951870030878812,-0.06315849394956445,0.2532335369431308
charcompace,0.8441095872962783,0.03990475984240093,0.3731553711239702,-0.07491550655873451,-0.006578523472573483,0.021883367336090035,0.03990475984240093,0.9460299940567884,1.0,0.830183531622412,-0.05148379842595597,0.8327020661717349,-0.0024291727985911683,0.8291286824999933,0.5895646948223817,-0.013752438328992958,0.5945870754259804,0.022880177578282833,0.6520341416848173,0.9343568636575245,-0.029032393997422776,0.9364491930741542,0.9364491930741542,-0.024959491349158903,-0.23192168153860354,0.8750840352353252,0.5720297271190786,0.49228605527715985,0.862137460248329,-0.49910531341094616,0.8957448079264172,0.3203904266866831,-0.012274681152533464,-0.012224446856340599,0.12103312916471629,,-0.0010455129097531148,0.829861024960437,0.7885249575059096,-0.09908204662052769,0.08039445754496312,-0.057316031305546765,0.8268327220141377,0.7993313492882642,0.9206434545075944,-0.010071257717330032,0.18149304157369756,0.028279054031362934,0.8704390041960818,0.8384040338182877,0.897365225226884,0.0438177465618325,0.14280332435839874,0.20709740170702753,0.19892264143131697,-0.034452558744252786,0.20348940208532953,0.09996568544262655,-0.04223727349665494,0.19546241635498598,0.20375255652753277,0.13918450974579885,-0.10560168282981229,0.010047545933198692,0.032774804005660685,0.134337226842063,0.25456187854083195,0.318936874968771,0.04037778367596656,0.15537713118262783,0.23974550991875135,0.244214380724622,0.23007582932377052,-0.6382263635319415,0.003650817491266996,0.03190115884402132,-0.09964421189131475,-0.03276167021277702,0.23781534145805083
ldl_url,0.9533815197079949,0.053445026112000346,-0.033006101926618056,-0.04975988666594873,0.011606810838267706,0.037780343883684994,0.053445026112000346,0.7390513978507492,0.830183531622412,1.0,0.025255986071617696,0.9989616139737325,0.05243544912538296,0.9817304766365119,0.7238565946850525,0.03570874277706381,0.725035266548317,0.054968877819329076,0.7623422947817091,0.945289149437902,0.014433513216767599,0.94400079472864,0.94400079472864,-0.023485964934703875,-0.1023737162766494,0.9309329629539728,0.2922657082786492,0.35857978140650887,0.9345228083262861,-0.24705016870632532,0.9081939552628218,0.23940042596551075,-0.00753614725608013,-0.0039525771929983244,0.07496936499646506,,0.0048670105072822194,0.9631030922265404,0.8950366263984,-0.01815764131999225,0.06859171092991581,-0.008902331126909732,0.9156581689946101,0.9142286541534778,0.9390544676931568,0.015113237458835981,0.023697732823494133,-0.05426540742719098,0.9253586034119041,0.9488417104353252,0.9401224777956544,0.03289501235239948,-0.1323189609356762,-0.09885103428982608,-0.019507991692374747,-0.025349487391241377,-0.013180587404307961,0.014606383626322687,-0.020151665020796822,-0.0807507592872859,-0.015971431318641524,0.23799316427348782,-0.04629804016899905,0.026243450814551983,0.10184331303013466,0.1311937694411984,0.18461558963867494,0.02076531620157617,0.05366261098016418,0.045944234139432064,0.005754207378818512,0.004120028541639093,-0.0046696427172170756,-0.3313378581246373,0.002309166211097795,0.06420154802034506,-0.03039214793880686,0.028659246322338187,0.14888104420763915
ldl_domain,-0.03002240452492705,0.19728885609820815,-0.04972872698973734,0.08918494467031983,0.12005737397075922,0.043079250414717496,0.19728885609820815,-0.0596711053042397,-0.05148379842595597,0.025255986071617696,1.0,-0.020137830289255275,0.010639350107915621,-0.02734896961019876,0.062126209805797146,0.7639821423126048,-0.00993404531451582,0.006650527668836343,-0.02387931107053876,-0.007695950808217653,0.3722278331040175,-0.037626802804806625,-0.037626802804806625,0.03894630096881313,-0.007124941156033402,-0.033818551768251964,-0.10486942762984258,-0.032890684238002586,-0.03073714049471627,0.13729514427508788,-0.042151150817496034,0.010493531467924802,0.0024794232629004463,0.007743862599446027,0.10690446311526533,,-0.14212538347398102,-0.027947792422528348,0.03847880496011875,0.6152896661057389,-0.005202979273203085,0.010815440490491657,-0.030176403099000593,-0.024679723424868995,-0.017242215701508603,0.23633145963523416,-0.025565390658843896,0.014876690368635832,-0.03950851739425657,-0.030430621442984463,-0.031452461067174343,-0.15153190274974881,-0.04151576157857325,-0.07037726427466977,-0.025909528819660892,0.029929830001705005,-0.014380545600718329,-0.021430772488403232,0.015729913824241604,-0.030603957798353735,-0.016376937551653238,0.09130194250459232,0.265014912246437,-0.029738387202944763,-0.03432849030257018,-0.036905896484349505,-0.029002160073434983,0.00262002549984052,0.19781684070675767,-0.030235085843941283,-0.02533083695233332,-0.025014837338089155,-0.02357678023650472,0.019440867681361912,-0.050123780594126054,-0.048800001254905315,-0.0233958383993587,-0.01810008368318421,-0.02859290742831982
ldl_path,0.9548912982030702,0.04442801197425831,-0.03071521234279571,-0.05388362025084688,0.006154567469259125,0.03588546106540163,0.04442801197425831,0.7419555525663114,0.8327020661717349,0.9989616139737325,-0.020137830289255275,1.0,0.051632813658996864,0.9831134060867147,0.7210911227799226,0.0010400782493863827,0.7255401482714813,0.05424546462330144,0.7635593798272617,0.9457810509916201,-0.0025275481876072974,0.9458575907262551,0.9458575907262551,-0.025406456409449836,-0.10209844801076678,0.932623599101473,0.2971875748747552,0.3602172472665275,0.936070765577402,-0.25345508185704135,0.9102579985777727,0.23899047560329548,-0.007640759146573302,-0.004402086521439642,0.07007797613932391,,0.011369547178103909,0.9645137359534207,0.8932870175509366,-0.04628196836143391,0.06863850545083344,-0.009786952026809445,0.9171862126180959,0.9155034421651164,0.9400075136517817,0.004374526154008,0.024867517557821545,-0.054891383290670406,0.9273144740546377,0.9503666383695325,0.9417063603849458,0.03974201833801794,-0.1303428897500891,-0.09549668934672942,-0.018240580147480787,-0.02698203871705426,-0.012419322001427417,0.015444207444291003,-0.020929815870397096,-0.07934466191305249,-0.015121980182539947,0.23357108242685304,-0.058484412786242425,0.02750325698105872,0.10328593567506021,0.1323503774490339,0.18605023070145202,0.02068257582845467,0.04462141073769454,0.04720963480572581,0.007009654050693254,0.005354632766454246,-0.003496964742331708,-0.33231319510889157,0.0045662765575975525,0.06589874145095331,-0.029336825155732223,0.029479636260196212,0.15031364898003846
ldl_filename,-0.01552725692993417,-0.05183088200946136,0.006964235136223479,-0.016815217591488834,-0.05099907541258252,0.24213358413657446,-0.05183088200946136,-0.028630710041187807,-0.0024291727985911683,0.05243544912538296,0.010639350107915621,0.051632813658996864,1.0,-0.02474321051929918,0.14634915651017966,-0.004741531753492951,0.14772178976331732,0.880688734021671,-0.03329899630928467,0.005525696789569299,-0.04903565534227694,0.009431389142407867,0.009431389142407867,0.5990644524062192,0.1946213787413876,-0.03101803249372926,0.04154622260778413,-0.06615165810340115,-0.022126692214575777,-0.04721218072712691,0.017946334819092864,-0.07896498050309088,0.0017643429037690452,-0.0032066217468960643,0.1951334961230361,,0.03654798067190668,-0.009155602132407245,0.0949332049061245,0.026390149909157362,0.24897621778732199,0.4257106609055563,-0.06291771347635698,-0.032792250288377574,-0.012806952847595239,-0.05278902434006906,0.1371688597256965,0.20380317640591375,-0.05482798301456269,-0.015923227357391056,-0.01554310242688977,-0.038356602387636225,-0.09490249383318743,-0.06207314522672915,-0.0835493153714475,0.028635475417288662,-0.08034529533105482,0.02428315183729138,-0.03385377956931883,0.062123986753700226,-0.08200724101447907,0.15737630680836942,0.023420788350880493,0.0005348951380645672,0.05498923040100098,-0.024887308731698858,-0.05365764912153427,-0.007697524847511362,-0.05184034520926019,0.00719249674024776,-0.003748597602006924,-0.009485463146889427,-0.015644887057744247,0.046102881043316786,0.010648017404939713,0.008047456529124643,-0.005804754689797922,0.09347506492894178,-0.0552954854681721
ldl_getArg,0.9756981865318319,0.04040748696469803,-0.021870557496113555,-0.062033979503697066,-0.0024100053309370076,-0.09563967442462346,0.04040748696469803,0.7500670227546331,0.8291286824999933,0.9817304766365119,-0.02734896961019876,0.9831134060867147,-0.02474321051929918,1.0,0.6416634922173663,-0.0006969685599203335,0.6457763287695444,-0.014671203349025386,0.7692602048945918,0.9463337114489843,-0.014997123926056035,0.9474317860783941,0.9474317860783941,-0.06082506196204017,-0.10203502326686302,0.9554871350080522,0.27703298342293103,0.39364713588456907,0.9577601544177683,-0.2377652248324937,0.9133286679002669,0.27601121153324376,-0.0067205471775491875,-0.0035193664484185825,0.05158406173139957,,0.025269660698104903,0.9833320339544039,0.8519235609608574,-0.049537190750430386,-0.007287996120145699,-0.052927231211028346,0.9098262144477205,0.9370593944641921,0.949378234164611,-0.007013904017976717,-0.015492568182684994,-0.06602030439759159,0.9497331138127267,0.9710827051550428,0.9520612642214118,0.03888664676749388,-0.12726691458967976,-0.08914859508909591,0.004906575695369977,-0.026683320268514384,0.01519682398524277,-0.016378382700905157,-0.040419046229124324,-0.06868669817851851,0.012820283706317234,0.1527746388001728,-0.05625989724929557,0.008852784929258072,0.059100641128497555,0.11880089105945753,0.20704235979008123,0.025641495557396553,0.04060045977912166,0.01891204555288869,0.025258382891837818,0.02143384223595203,0.017705998196363055,-0.3412405470147188,0.01464283328914599,0.05690632417699473,-0.034788494538697055,0.0385845642826068,0.17166261041866782
dld_url,0.554724617492823,0.06739264582906378,0.0512516962421209,-0.0016530130465498812,0.06351342717697761,0.23295519382404128,0.06739264582906378,0.476463903657432,0.5895646948223817,0.7238565946850525,0.062126209805797146,0.7210911227799226,0.14634915651017966,0.6416634922173663,1.0,0.11341316336300951,0.9955511284720818,0.1913756481796337,0.8516824552357939,0.6195971751880085,0.06858934829939867,0.6139554892468652,0.6139554892468652,0.005113744249541918,-0.13370320707652728,0.569326239663188,0.2962618262170807,0.2823618845978985,0.5666404387103754,-0.24413224740408815,0.5750119339649645,0.18263435024820993,-0.010985884938079024,-0.006748819154821092,0.13550352166486052,,-0.025672292798105144,0.5609148988717527,0.8053860190195467,-0.00924436914383913,0.2644487075208245,0.04121349289386371,0.7531395244930974,0.6396049636584796,0.5611042602917666,0.06915283554148666,0.15104070018428595,-0.045077154759670036,0.5240257949148707,0.5291759153941359,0.5769759303814651,0.07127343171273981,-0.0470269933877428,-0.03599981662173829,0.009807282230572855,-0.014061300761447076,-0.012543329227394583,0.1376644370744229,0.023269895274712737,-0.061947168212300945,-0.014877282401207927,0.5039466121556896,-0.07045894671082174,0.08253140148357546,0.24916110156476706,0.25570506326111764,0.22737726653005297,0.10178780264248981,0.06774159756057863,0.1531699795105181,0.03801211594171459,0.04050874978827338,0.01515264425506689,-0.24724271603163542,-0.04882152568281962,0.08417004768519798,-0.008196636146555025,0.025876914498999617,0.16439568889598358
dld_domain,-0.003839452963357387,0.12096891417664833,-0.035883265928966714,0.11643223957278202,0.1584171387978227,0.014251597447119521,0.12096891417664833,-0.021381565252850617,-0.013752438328992958,0.03570874277706381,0.7639821423126048,0.0010400782493863827,-0.004741531753492951,-0.0006969685599203335,0.11341316336300951,1.0,0.019293659767202466,-0.0030190891654838592,0.013216558561450403,0.012819199374750914,0.29976835113082,-0.011262941563319766,-0.011262941563319766,-0.0067785178611516955,0.0019413726438605992,-0.006631474614820207,-0.07849607632951237,-0.017457687934636052,-0.009086735488635688,0.1022639784453766,-0.01888977462544926,0.0047347301967584935,-0.001077347701089303,-0.0005641774772662196,0.0644214057389835,,-0.0708053769189467,-0.0028091865931207166,0.04227519002543007,0.436147340784114,-0.005174815129047046,-0.011735558448521938,0.0006419201357436391,0.0017391010772367082,0.006455198920971625,0.2092187471311211,-0.012882013554594143,-0.01336114261444933,-0.008052457142131904,-0.004959517164456757,-0.007776730594984543,0.013469421519148544,-0.025349957253226453,-0.035563285459111686,-0.01578188352303509,-0.0032890969912907557,-0.015707286934700616,-0.01735097460351467,0.03146665184054048,-0.021979951188943823,-0.015984497565992836,0.04232581976531315,0.06379830055944409,-0.008809660178309862,-0.002491476170619744,-0.009864185915490846,-0.014523380999597617,-0.0023963048079486344,0.12123915420903304,-0.012426845316328022,-0.017339114259447626,-0.016053079838879707,-0.016394274901248587,-0.01953802744034507,-0.05532165861051697,-0.007400181626401453,-0.003206229491233589,-0.014528871507622275,-0.017896910650213132
dld_path,0.5585871787398696,0.05634560901270851,0.054977903056279614,-0.012705261431205539,0.04889053215804612,0.2330791860655096,0.05634560901270851,0.48149650486956924,0.5945870754259804,0.725035266548317,-0.00993404531451582,0.7255401482714813,0.14772178976331732,0.6457763287695444,0.9955511284720818,0.019293659767202466,1.0,0.1928688998117764,0.8558003194759484,0.6222890449204904,0.040593457064575775,0.6188956029476225,0.6188956029476225,0.005788833896684928,-0.134730534482148,0.5735456687649012,0.30557439898102673,0.2857982345754488,0.5710757735105934,-0.2553700810366146,0.580429733617898,0.18333712516657788,-0.010952998933322909,-0.006737877882440179,0.1302487048813115,,-0.01911938778323636,0.56471879492252,0.806456140046997,-0.05066459817442316,0.2666072422780045,0.04258635035845803,0.7578284268988069,0.6434737937371469,0.5640307648051412,0.04974774792810965,0.15321492194073494,-0.04409433933547454,0.5280942890222086,0.5329835712310574,0.5813522133928029,0.0704455581343706,-0.04491951853894983,-0.03285421883171541,0.01136580434174797,-0.013838059580794853,-0.011132838693227747,0.140178112420433,0.020432517735833922,-0.0602533832273621,-0.013455222062537745,0.5031108623446638,-0.07695360230438152,0.08388736827757627,0.25096873970363404,0.25744463851117483,0.23018857713833613,0.10265699451098446,0.05667113330820242,0.15531446409164465,0.039896195346296126,0.04228661379519618,0.016802953621394067,-0.24694910234015197,-0.0438830092128576,0.08511595234741441,-0.007943573044055742,0.027422838859552344,0.16712974478187134
dld_filename,-0.001036143835187825,-0.03397241605387709,0.03325982497279613,-0.012673416597166635,-0.037722234352003656,0.20521370939178235,-0.03397241605387709,0.0010223214522827307,0.022880177578282833,0.054968877819329076,0.006650527668836343,0.05424546462330144,0.880688734021671,-0.014671203349025386,0.1913756481796337,-0.0030190891654838592,0.1928688998117764,1.0,-0.01803040763033389,0.02175240507503067,-0.03314298131187179,0.024392152589567936,0.024392152589567936,0.5032751534558375,0.1274065096722172,-0.010585473960546371,0.05739152676948067,-0.02292591046581652,-0.0024247783411554254,-0.05571379776151124,0.031924925866459127,-0.03578618402626093,0.0010481574693585309,-0.0020417614975861793,0.19965882272783225,,0.019220094515625175,0.003094818254404872,0.1152648066496117,-0.0006427413661767795,0.2722267741855522,0.3962778706231621,-0.04078799112492857,-0.01503985865730916,-0.0006261105669446297,-0.031013343645023693,0.14488917651201483,0.09268629168379278,-0.0347191196151555,-0.0025421920119689844,-0.002889836875357254,-0.02176331103627936,-0.0484404265820211,-0.029300872003700427,-0.05098434980244708,0.03488065221735214,-0.04728021936577327,0.021831254831916638,-0.024657966665142854,0.0702153572446819,-0.04845954980786212,0.1736008850544201,-0.00597812961359338,0.013419227831391873,0.07068907368139911,-0.009229193010210801,-0.024381464455246287,0.024457129239497354,-0.03398046901745654,0.012455564375477332,0.030102475667499125,0.02624498333387509,0.0210872428299601,-0.003017534413645428,0.012040588988739354,0.011194982149974393,-0.007759580331114999,0.05982237477713907,-0.02297086331032426
dld_getArg,0.6750373055022104,0.05787593834158199,0.09353089546318961,-0.04076638777119389,0.03035545942042687,-0.07522275289098632,0.05787593834158199,0.5592889765144572,0.6520341416848173,0.7623422947817091,-0.02387931107053876,0.7635593798272617,-0.03329899630928467,0.7692602048945918,0.8516824552357939,0.013216558561450403,0.8558003194759484,-0.01803040763033389,1.0,0.696460240623108,0.009812834588702751,0.6955768236987628,0.6955768236987628,-0.08346780961293454,-0.1376606137400915,0.7013856736562041,0.2909151956461987,0.41698971500029686,0.69198677737571,-0.24755901954299753,0.651430020903596,0.31104119906645766,-0.009076562080319931,-0.004753146910292757,0.09751150781948117,,0.020401399544442405,0.6763309043385102,0.7790426222559135,-0.06058423592125376,0.053583521127610334,-0.06914831956993443,0.8226571115587333,0.7811070725007596,0.6571630035435514,0.021287050847772854,0.06315485429267592,-0.05507012283254711,0.643714352955789,0.6444615109708851,0.6775554190834133,0.08067518985421795,-0.04976990454349075,-0.025465760396143178,0.08077565048033866,-0.019429884596988554,0.06209273826911814,0.06760354966399071,-0.038079204652279715,-0.03051145203603777,0.05990121694421573,0.3212591979036987,-0.07427139619623967,0.037887823281775215,0.1432460795411939,0.24580178378809486,0.3191090995477147,0.12924945210313266,0.05814346489587635,0.10211850584554454,0.09087768334000826,0.08558509817067063,0.07499388873214277,-0.2771447756665192,-0.0274320446537169,0.07175573808902376,-0.01840925799130868,0.07044349856229551,0.2448626078291163
urlLen,0.957545397451877,0.07431025958899938,0.20458855772864656,-0.03707337567856935,0.039710999304194985,-0.010676820003923778,0.07431025958899938,0.8917754415570767,0.9343568636575245,0.945289149437902,-0.007695950808217653,0.9457810509916201,0.005525696789569299,0.9463337114489843,0.6195971751880085,0.012819199374750914,0.6222890449204904,0.02175240507503067,0.696460240623108,1.0,0.03723314415749458,0.996775505086973,0.996775505086973,-0.02661318972033092,-0.18545794953914882,0.9647685368647126,0.4462081745527152,0.47645129972973566,0.9569594311119408,-0.37579140632948654,0.950231884579855,0.32914211998552295,-0.014191994151063586,-0.005420453633236056,0.12102760838306365,,-0.005546091476072251,0.9509247130296543,0.8690947592013537,-0.051606961970809544,0.06131736291665551,-0.019852736927465395,0.8999567371513802,0.9049540426441346,0.9921125569534732,0.04600353996893965,0.08039286753806661,-0.015804843154586034,0.9601031268587421,0.9535910575779694,0.979164273434688,0.06443071282661356,1.9679209238236464e-05,0.06150916198352913,0.1255393793622258,-0.02424982460710669,0.1571993892280381,0.029712226217510483,-0.012254027722659353,0.0760443184662505,0.15660666849799498,0.17458909424556157,-0.07697139582504064,0.0021881325243596444,0.041008387070807374,0.10724721472227985,0.24575089939286407,0.21805513901926227,0.07461059226555822,0.07173559779413631,0.17268427909628356,0.17161612787349712,0.16849834092108867,-0.5257406109082181,-0.01783779021864626,0.02464744651801684,-0.09221753819424985,-0.008162710423672052,0.22357871747972433
domainlength,-0.0066245828498447895,0.5912245591993623,-0.1597738943680629,0.6033674207577567,0.7675478194710624,0.0007978412269450216,0.5912245591993623,-0.06665256558655354,-0.029032393997422776,0.014433513216767599,0.3722278331040175,-0.0025275481876072974,-0.04903565534227694,-0.014997123926056035,0.06858934829939867,0.29976835113082,0.040593457064575775,-0.03314298131187179,0.009812834588702751,0.03723314415749458,1.0,-0.042816435871760365,-0.042816435871760365,-0.09229967135697023,-0.07435915265801545,0.0050597480148819405,-0.4560179331417102,0.022501824759532323,-0.04473288527121131,0.6004320151307135,-0.2002178653730674,0.16290454362646956,0.011257297346162277,-0.004506110622382439,0.35760834998904184,,-0.3112417225542244,-0.015446150661938595,0.016246222823887383,0.22928971023625563,-0.05513272447294293,-0.12046356874293175,0.023795339296092382,-0.011757182809689732,0.03821098841820078,0.9617373557080102,0.009559211567305775,-0.0922725852857783,-0.03810571090597926,-0.007584475435032622,-0.04017303060492678,0.5314664022637572,-0.08949330669746237,-0.16059175546823173,0.08301458549606046,-0.058768159462900135,0.04516215797115786,-0.05688610360206763,0.43075339198124496,-0.2060202151316973,0.037041295550686436,-0.04251877054200342,-0.08947829713647323,-0.08266584591171901,0.009567212394090089,-0.002782978119132882,-0.026481205151024242,0.13054688554238553,0.5903426962177416,0.004392132154401482,0.020580258702519085,0.02219805373546374,0.0341254675554436,-0.1206193179569727,-0.5225703483837484,-0.04087089996168573,-0.010292998614178723,-0.040250460972585576,-0.025210843859808506
pathLength,0.9579527336283548,0.026922615740170658,0.21711146510086957,-0.08522215886471608,-0.02158248931348279,-0.010896876658656256,0.026922615740170658,0.896843421790071,0.9364491930741542,0.94400079472864,-0.037626802804806625,0.9458575907262551,0.009431389142407867,0.9474317860783941,0.6139554892468652,-0.011262941563319766,0.6188956029476225,0.024392152589567936,0.6955768236987628,0.996775505086973,-0.042816435871760365,1.0,1.0,-0.01921514745380238,-0.17914702502626623,0.9642046322885267,0.48258514038888484,0.4743999346308844,0.9603900016518091,-0.42331143461135806,0.9660449224994715,0.3158716154009368,-0.013972090230875088,-0.005808076409156154,0.0923653477055506,,0.0194879114200497,0.9520471356819006,0.8675559680610624,-0.07009740571730225,0.065701304459283,-0.010316255505794781,0.8978725904457903,0.9057518227752355,0.988851754552833,-0.030938318030719218,0.07972606525313398,-0.008498636712411257,0.9629791729307002,0.9540798972484889,0.9821803921225554,0.02210572932713303,0.006986775872042279,0.07427534159607534,0.11862785354796627,-0.019320999160418663,0.15338702865447779,0.03415631349929214,-0.046768833202947765,0.09232433473645493,0.15344204205082265,0.17767238686781273,-0.06988034754768765,0.008886129764448157,0.040215633591044644,0.10750110027116443,0.2475464870059183,0.20736061241153442,0.027295193721553458,0.07147097467969563,0.17091145400032484,0.16969336440691415,0.1655612221751092,-0.5158365593069756,0.023888216235980524,0.027704353351419457,-0.09111382222090465,-0.004568168845819806,0.22525225514501176
subDirLen,0.9579527336283548,0.026922615740170658,0.21711146510086957,-0.08522215886471608,-0.02158248931348279,-0.010896876658656256,0.026922615740170658,0.896843421790071,0.9364491930741542,0.94400079472864,-0.037626802804806625,0.9458575907262551,0.009431389142407867,0.9474317860783941,0.6139554892468652,-0.011262941563319766,0.6188956029476225,0.024392152589567936,0.6955768236987628,0.996775505086973,-0.042816435871760365,1.0,1.0,-0.01921514745380238,-0.17914702502626623,0.9642046322885267,0.48258514038888484,0.4743999346308844,0.9603900016518091,-0.42331143461135806,0.9660449224994715,0.3158716154009368,-0.013972090230875088,-0.005808076409156154,0.0923653477055506,,0.0194879114200497,0.9520471356819006,0.8675559680610624,-0.07009740571730225,0.065701304459283,-0.010316255505794781,0.8978725904457903,0.9057518227752355,0.988851754552833,-0.030938318030719218,0.07972606525313398,-0.008498636712411257,0.9629791729307002,0.9540798972484889,0.9821803921225554,0.02210572932713303,0.006986775872042279,0.07427534159607534,0.11862785354796627,-0.019320999160418663,0.15338702865447779,0.03415631349929214,-0.046768833202947765,0.09232433473645493,0.15344204205082265,0.17767238686781273,-0.06988034754768765,0.008886129764448157,0.040215633591044644,0.10750110027116443,0.2475464870059183,0.20736061241153442,0.027295193721553458,0.07147097467969563,0.17091145400032484,0.16969336440691415,0.1655612221751092,-0.5158365593069756,0.023888216235980524,0.027704353351419457,-0.09111382222090465,-0.004568168845819806,0.22525225514501176
fileNameLen,-0.060006607753891376,-0.11881231270312147,0.1579881538863581,-0.003558099315940436,-0.06081441962952272,0.16396671288623868,-0.11881231270312147,-0.022856367583147744,-0.024959491349158903,-0.023485964934703875,0.03894630096881313,-0.025406456409449836,0.5990644524062192,-0.06082506196204017,0.005113744249541918,-0.0067785178611516955,0.005788833896684928,0.5032751534558375,-0.08346780961293454,-0.02661318972033092,-0.09229967135697023,-0.01921514745380238,-0.01921514745380238,1.0,0.44089012563612284,-0.09401593728483955,0.08428132344292233,-0.20407574539775974,-0.08151635383694043,-0.0915020160081646,0.0025827922836596066,-0.22449299510211285,0.012143370738488661,0.003018003153782387,0.23034084955307582,,0.11946796124816461,-0.046499117331427184,0.0071408977861886005,0.050518003100747146,0.22569669598297637,0.3959772600538269,-0.14018414788923864,-0.09262016687410395,-0.03531855678381271,-0.09666792040220003,0.19000347405867815,0.5677373055556942,-0.1214958783209081,-0.05686247264227356,-0.04928766276487829,-0.05992764395437828,-0.02072079646083788,-0.008482753773509362,-0.17193530597834727,-0.014820658738583467,-0.1897348710393953,0.01875138700705241,-0.06498734617044691,0.3702671872992708,-0.19196782251122035,0.05813382372046365,0.06477986266312825,-0.1550081089614892,-0.13665609369980874,-0.2171614884727509,-0.16138230420741512,-0.1051707079898464,-0.11884119991012806,-0.04329950280378263,-0.11084069814352068,-0.11582754280939925,-0.11914967941944896,-0.07104465003520373,0.003941282095374326,-0.18474732560461032,-0.183517314350572,0.06790266515186409,-0.1667230661384555
